1 1317378
2971
00000000000000000002c1cb45722de6dcdc47b2c5d8d50f8c5d7ebd122fa7eb
1 1296015
1976
000000000000000000023804bea1fc23eb3da4f68fe8ae1d420ea5cef67e1747
1 1325587
2266
00000000000000000005e111892d917386c5b523536610130871fa672b61d6fb
1 1344471
2687
0000000000000000000bebb6e82cf99f955bb6643abe604f1fd2fa3d6b784886
1 1447638
2746
0000000000000000000a583ad67b5832ba86702b36afb537ee73096fd5034b6c
1 1366571
2637
00000000000000000002377d313625526d32e259222242a35c1290647806e8b5
1 1591137
875
00000000000000000002674b891332ccba8cb26d698170151c6b5524751fe0bc
1 1443469
2244
0000000000000000000802778ec60022cde9a7e0013350e19cc0ca3684323a49
1 1443469
2244
0000000000000000000802778ec60022cde9a7e0013350e19cc0ca3684323a49
1 1414168
2615
00000000000000000004c0f8400e7177df7b0806602dece28ed8f0562561d334
1 1507486
1822
000000000000000000022d91eabae00b483656df43267d3e48323ce8cc99fb36
1 1301645
3146
0000000000000000000693f07a27b3e6dcfcdf011d4b429fb7285eaa45b94f91
1 1207931
1843
00000000000000000007281074f0cfeb73708707ec9356e21570a2ff13be9538
1 1219083
1649
0000000000000000000af7f5abb37a46bd6c1e6b51561e6e037eed4c0a40f7b5
1 1488550
2201
000000000000000000007c2422d5633561b9b64f1f9c0471a5b1f8864b8c1958
1 1429071
2737
000000000000000000064ff123953b39f360b42e1e94280745cdbc7740d1603e
1 1313241
2935
0000000000000000000ae68f42bf46e6bcde47791d3248a7da86e091442bbad1
1 1253373
2753
0000000000000000000af093014f585ca1eef38a6a627bab05e9a664772015b1
1 1436729
3523
00000000000000000002b7785ed13c03d78339144067294d169bae5bc9c4f52d
1 1325681
2779
0000000000000000000342140f86671bb68b57044a3f56a8edc3a51b99c5fd76
1 1321145
2556
000000000000000000094a3c1f7e48a07564cb42413c883530dfdc5fa83d9c03
1 1319349
2837
0000000000000000000ade31c5a3c8f17e2cb0a0c8fec5427942e1066d4d8d3c
1 1160263
818
0000000000000000000a0f1279c1088029e57ad47c5e0af0bb18406f27d989d7
1 1616750
696
00000000000000000006c7aeda7343599a9c0b9c1de23dc1d21f150797787cc4
1 1382745
2843
00000000000000000005a565438b37a387ef910eab07a46cdf341011824b73a7
1 1164142
1803
00000000000000000008ce2b6a7a136dad62d16b2e924c06ce13257d764422cc
1 1188509
740
000000000000000000083c237d565e37d90ba5ceeb109e7c297c630e9d2fb079
1 1427132
3393
00000000000000000009adefdb94a6a3dc9d8c2b4f8fa14e126221775f2eaa05
1 1425796
3028
0000000000000000000395014d084be99bf210c7b6eee6056d6532264702d855
1 1207183
1271
00000000000000000002ce49046c8a356aed6f08c140a9d7c7c0a35aaed88e62
1 1284298
2282
000000000000000000077f107ac8fd3b4f84116818e9e44b730c4edc9f756e19
1 1362927
2381
000000000000000000048607f51a9219c015dd69edd50fb06914586201a3590e
1 1307877
2330
0000000000000000000be6884d79a174a50c14ef238386f6fb9253de362fa1c1
1 1356312
2083
00000000000000000006805dba6956fdbee3472961cc98f1d6297555c3ff7dc5
1 1271021
2156
00000000000000000005c1c24420a1a70dadac56d7e1a5233d54bb849075d2d2
1 1372631
2510
00000000000000000006ce4cdefda208c2c52431ab07eceec852b227c8da6e11
1 1274303
2692
000000000000000000050c5e58ea03040264613c29fc39b0c383641d5a4bd0d6
1 1296541
2121
00000000000000000006d2a49d0341ada88e984e73a6b59105fcc66671f2b0b3
1 1243134
2513
000000000000000000021225557eceff4f511bd42324d9a9f51c7061ce04ce29
1 1257353
2222
00000000000000000004e3a9500b37d81cc99badb881e04ecca08c85cdfae463
1 1194836
2957
00000000000000000006afc74e95540d5ca24b7404dc49824e8bbb17f789efb8
1 1126162
672
00000000000000000005e253f737bc41f2d1d3de9eca9aa5ec443a304e07c5f5
1 1201376
1538
000000000000000000089f8497725f0ec4ad3c1aeeee88b2d5b3f9d132084b41
1 1380262
2891
000000000000000000018a1aeda230515d94dbe12945bad2752e5cd939efe329
1 1585772
1646
0000000000000000000aa031c225d1437565ec7e0f27808c2f5673727d0f5114
1 1465273
2675
000000000000000000092504eb93987bd3d7d681ca92622b3bc962f74d9f9272
